2418203913
274601230
2419061760
1046793
3773823755
4043306502
3772779275
4042262022
270529540
1624247055
269485060
2313
3768707585
1625104902
2696259589
2423690246
1623995146
1619618569
1347049226
1348113926
2964632580
2695473417
4542730
4038766085
6101263
2700447750
3772861195
2423673862
1343141376
456969
2695188480
3773127435
1078833666
3773045515
1888007944
2422625546
2155300871
1888118536
1620683269
1009929
4037207552
2418471936
2964745485
1889056260
270181380
1348120335
1078563330
1619634953
1889120013
1681413
546205960
2423426319
269460744
1624836879
1566725
1893213966
5157130
3497004551
2694924553
1348077062
2155153415
1888384776
1342861065
2154252555
3772858882
2695850249
270142733
1348195846
2154989575
1887971080
1887856392
512000
1888134920
2155452423
2155173895
4037553929
2154401794
1893537550
1347229450
1889021709
3773868551
4042851846
4042891023
2423790863
4037549833
4041840394
269210888
6098950
2155579399
2423360783
2700183823
1893209870
4042298886
2154164226
3497532935
1343075840
1889099533
5869574
2155190279
2154924039
2424116230
3228150275
1347458566
2964853764
1342805504
2154672130
2418646281
3496580610
2965222404
1077975819
3772895746
1078528779
1342748160
1888916996
4041893642
5718022
1889144589
1619860233
4037432832
1346561802
1079106055
815375628
2696079365
3497041415
2418633993
4041742090
2150098945
546267400
4037711360
546304264
1893357326
1074371073
5812230
4037635849
1342596608
4612362
3496652555
1893541646
4037611273
1342952960
3773909511
1079843335
1619929865
2700435462
2419432453
2964856077
4038598149
1619573513
269440264
2150094849
1893603086
4041627402
3774175751
2423958799
2149771265
274355470
2154287106
6123526
1343059456
2424013830
5697542
1343124992
546371853
4041905930
3773366786
3769076225
1415173
2149701633
274478350
546679053
3769199105
3772943115
1947653
2424185862
1342811913
5597455
1889342980
2424245519
3774073351
4038561285
2150012929
1677317
269063432
4038696453
5611526
2149767169
546119944
2423378950
3495993099
3228211715
1619122953
1619882496
3497102855
1893271310
5116170
1893336846
546181384
2700126479
2153965835
1623610122
1078710786
1346492170
2700713990
1439749
270447620
2696816645
2964598029
268948744
545648904
5754886
4037168905
1888319240
268801288
1019904
4042796815
3768830465
1888882445
3497188871
188416
2154385410
2154426370
269333768
269456648
1343198720
2423753999
2149873665
1888923405
2700560655
1619554816
3497537031
1619456512
5609743
3496582923
1078882818
1346664202
1079339527
2418643968
2423735302
1619294985
4038417925
4037699072
546725892
2969216270
2423874566
1624800015
4686090
3496509195
269214984
1074235905
546038024
1893250830
4037414665
3497029127
2419313669
1078430475
2965062660
1077938955
1078491915
270263300
1887786760
1620005376
1562629
1342690816
3773852167
2700232975
348160
2965206020
4041361162
2964475149
3774220807
2700355855
269399304
1888155400
4038151685
2149931009
1074092545
546656260
1619350016
269528333
1746949
546185480
4037439241
269133064
2700503311
2423954703
3774179847
2968937742
1624664847
4890890
4041746186
4041869066
5758982
815097100
547315716
1342875136
3773950471
6103046
1888907021
1888636685
4042012426
1296389
3496384002
1344212485
274232590
3773673986
1893009166
1625227782
3773639435
4043183622
2422904074
1893607182
1620404741
4041561866
3773780482
2695108873
269128968
545829128
1347462662
269942029
3497123335
1402885
2154531083
1892701966
1624920582
3496629762
2964894724
274662670
2695024640
923913
1078452738
1624267535
1078692619
1022217
3773311755
4710666
3496488715
270345220
3774261767
6021126
273802510
1889169165
1343352325
2423942415
4037697289
5672966
546615300
1484805
2700617999
2419866629
269235464
2149951489
1074604545
2155218951
546430980
1893234446
4038254085
1619517952
2154139650
2699956490
1619366400
1889115917
5591046
4041631498
3497479687
269047048
2700144646
4041647882
546140424
1893099278
2700712207
1398789
2150057985
4041824010
2150074369
5054730
2968704270
1893295886
1619063296
4037775113
2155845639
2423627023
5533702
3496814082
4038002176
546494733
4037287689
3769506305
1660933
5306639
2150299649
2418081033
1625043462
547293453
2699464970
3496568322
2149705729
1342932480
4042956559
118784
1078958859
1348384262
3769014785
2965042180
3496752642
6266886
274048270
1077959435
1078455051
4042384902
1619513856
5632006
545771784
546820100
2700110095
4038622725
3496447755
2969257230
3497270791
2969072910
4038807045
2969380110
2150037505
4037574409
4038192645
2423852303
4038929925
1888089864
3496877835
4039114245
1073744385
3773975047
1343182336
1073928705
4194570
2969564430
4378890
6139910
2149971969
3774245383
1074297345
4501770
546799620
545956104
2423889167
1342526976
4041910026
4747530
2418508800
1074051585
3497168391
2150209537
3496506882
274171150
2418879753
1624429062
1343164169
269358344
4037717769
2154192898
2700433679
2696747013
2964202760
3227933187
1623888650
3772963595
2423448582
815158540
2419760133
269669380
5875983
1619192585
2695231753
3773166082
2695846153
1078676235
2965369860
417792
4042960655
3773848071
546861060
2700167439
4037496585
1887729416
1619948032
3497659911
1893435150
4037676809
2700249359
4037185289
269606157
1824773
269088008
2154209282
1619436032
4037590793
630784
2700654863
5894150
546279688
3774360071
545775880
2423794959
3496693515
2969011470
1623876362
1619681792
1887463176
4043190031
273925390
2418818313
1624613382
2155337735
4043120399
2700376335
352256
2419502085
1624306182
4037349129
3769567745
2419420165
1342594825
1342791433
2700781839
1893377806
4037209865
2155522055
2423303439
3774097927
2154188802
1619354112
3774093831
1468421
3497352711
1619419648
5734406
4037205769
3497127431
2419041280
269997060
4042286598
1624122122
2963969288
2419186693
2418449673
1888839172
3773043202
1888653069
4042288911
3774507527
4042678031
1342653952
2423872783
2964816900
2964878340
1078246155
1348284175
125193
3768953345
2418695433
2700496902
1623548682
1078266635
2695112969
269634829
270343437
2694990089
2964349956
270365700
1078508299
2965349380
2963465480
2700517382
1342873353
2419698693
274109710
2699280650
547109133
270449933
1078102795
1342469632
2695534857
2965079044
2418265353
3496015362
1343843845
2154655746
270265613
2154469643
1624859142
1348199942
2965099524
2696644613
2964425997
1624984335
3491761665
1348466182
3496199682
1344028165
1623806730
2419002633
546924813
2699096330
1624490502
2418324480
551547150
1620052485
2695887113
1624674822
2150606849
1888777732
2418388233
1623442186
2154391819
546801933
3769137665
1619434249
1347421702
274294030
4037041929
3769260545
546740493
546556173
5959686
273741070
3496936962
3769383425
2694842633
2423256330
1342672649
5490959
2419620869
547024900
814806284
3497573895
2969376014
5050634
3496812299
1342918409
2700574726
4037264896
2419375109
1343577605
4038925829
547164164
3227580931
2699383050
3491880449
1625103119
5552399
4037572096
2700881926
1624179466
3768932865
4931850
1624365839
6246406
274027790
2964616196
1078328075
1078229771
2964407300
2700839183
1347773958
2964800516
2695194889
1347835398
3768646145
1078414091
4037326336
5798159
1342979849
815236364
1078737675
2964571140
4886794
2969212174
1074096641
4038422021
1619557129
2423997446
2696382469
2964917517
1347110666
2696443909
1619495689
2423567366
3496648459
2418709504
274375950
4038761989
4037062409
3769281025
4038376965
2418942976
4546826
546660356
1624599311
546728205
270488580
2423813126
1619741449
4038725125
2696198149
1346864906
4037756416
5736719
1346926346
2423751686
1619311369
5982479
4037510656
2700820486
2968601870
3772820235
1078391298
3228072451
4583690
1078307595
2964755460
1078553355
2965001220
1078184715
2965308420
1078000395
2965124100
1078369035
546937101
2964694020
3496371714
1078614795
2964939780
2154514699
269874180
2964014344
1079540231
1074158081
2418430976
1619800576
3496369931
545734920
1073932801
1624877839
4038258181
2423508239
546938884
546496516
2969150734
546762756
1079294471
2963768584
2700390406
1342734089
1623933706
1888794116
3496546059
1623687946
3773434635
1074706945
1342488329
2700636166
1078901515
1078209291
2964780036
1348318726
3772965378
270413069
1078086411
2964980740
2965332996
4041484042
3773702658
2694840320
4608266
1624660751
1624662534
546721796
2418648064
2699731210
4382986
3496587019
3496144651
551428366
2418205696
1348468495
4038700549
1888759565
1620978181
1073863169
2154453259
551194894
2154549250
2422330634
3492113921
2419129349
1342426889
3492453889
2969445646
1888855556
2700328966
550854926
1346803466
2423936006
2423067914
1346987786
3492175361
1620240901
551133454
2696321029
6043919
1343925765
815727884
1620908549
1619372809
2696505349
3496283915
3228502531
4037817856
550916366
2422400266
3492392449
2150627329
2418408713
2424263686
1624633862
1077998082
1893291790
1343266309
2153893890
3497045511
2701066246
2968847630
3772840715
4559114
1347687942
1624204042
2964366340
274134286
1623851786
269546500
2695805193
2423450895
1074600449
1893361422
546742276
1624640271
546351373
719113
1239045
1347692038
2423628806
5871887
1343041289
2423444486
1893373710
739593
4037797376
1078366722
4037203456
4042895119
1342871040
270504964
1347854095
546115848
1893074702
1074313729
3772817922
2424181766
2696013829
1346791178
5593359
1343102729
1079171591
4037701385
2154250242
545612040
2695356416
776457
2418533376
1348161295
1173509
4041889546
2700941583
1347876358
1078020875
4037166592
801033
3773147915
2699305226
4485386
370953
1074178561
2423407622
1619700489
2419485701
2153900299
2419764229
4037142016
2700431366
1347690255
1079908871
1623380746
269757709
1976325
1342858752
547168260
2423737615
3492441601
3773516555
4845834
270431236
1343499781
4038233605
2694883593
1078594315
1078946571
1619616256
5343503
3227556355
1619720969
546922500
1347335946
4038684165
4037735936
6207759
1079503367
2963731720
1074358785
1624142602
1619274505
4037043712
5515535
4038315525
1619393289
2423772166
1347254026
3497700871
2969502990
2418693120
3495994882
815625484
2695989253
5757199
2153941259
2419108869
1623728906
2700247046
1619632640
3496201995
4870410
3496632075
3492539905
2422990090
3492535809
550584590
1620134405
3772813826
268989704
1620642309
4042739471
3492417025
4043017999
551092494
1888612109
1620830725
2963645704
2695864320
3491843585
3492769281
1888841485
3773231618
1621060101
1620199941
2423215370
1079355911
551158030
1888489229
1620707845
4042944271
2422985994
4042874639
4037267209
1079740935
1347522319
2424016143
1893312270
1347069706
1079110151
4037940736
2968560910
2700779526
3492351489
2965103620
2969089294
269853700
1348097542
1888587533
269153544
1620806149
1624873743
4042630662
1889383940
545714440
2420087813
2149828609
2695518473
2154797323
2422965514
3496484619
3769481729
1346742026
1078960642
2150000641
2700980230
5941519
1074522625
1342304009
2963973384
4041766666
1050629
1893725966
4042999302
3774683655
4037631753
545321224
2419694597
1347000074
1888835076
4038065929
2700500998
3227867651
2153961739
3492765185
1347810822
546283784
1074481665
1342263049
2419000320
1348202255
4038434309
1078325762
2964757773
4037820169
815518988
2424306959
1342178816
2154047755
545259784
270222340
546222344
1074420225
1342201609
270241037
2154631170
1342789120
4037435145
2965249293
1078817282
2963903752
1624056586
2423655695
547086340
814867724
5662991
545911048
1074108929
1892869902
2154699019
1342365449
3774339591
2422686986
1624963855
2695761920
2963543304
2419395589
550650126
2095109
2154266626
269876493
3768609281
815764748
1344003589
2699809034
2154467330
2422248714
270077197
4042362639
3774581255
2422928650
1347520006
1346434826
1078653442
1892681486
1624900102
270160900
1346471690
1078690306
1889058573
1347952399
2418674953
1342549769
1074768385
1620703749
269051144
3772875266
2964860173
1078428162
6191375
2696423429
547166477
2418672640
4038106629
1624939279
4042696198
2695737344
149769
551129358
1148933
4041864970
1343581701
1079912967
2418492416
1347694351
550920462
269671693
270492676
1078921995
3769154049
547064077
546941197
3497967111
1889179140
2969523470
3497721351
815052044
1343249925
547270660
1077936642
2696587269
2964368653
2423938319
1343348229
3227707907
2699510026
4037879296
2154330379
1624719878
2150529025
2418310409
4042284815
3774503431
1342260736
4042343942
1378309
4042094346
1346942730
1619417865
2423829510
2696304645
4041479946
3773698562
2418447360
1079867911
2695170313
2423219466
4042653455
3774872071
4042592015
3774810631
1342567936
2423158026
1443845
4042159882
1893627662
2418963456
4038397445
2963567880
2695786496
2149996545
274113806
2964345860
2153959426
1787909
269569293
3773455115
2418435072
678153
1347790342
546824196
675840
2700699919
268457224
1079011847
4041565962
3773784578
1624517391
2695315456
2965310733
1347899151
4038131205
2418697216
815437068
2424225039
4041967370
3497782791
610304
1347569158
1078332171
2150017025
1348138502
4042632975
1342608896
3774851591
4038217221
1026313
2700042506
3228199427
3495980811
682249
1996805
269778189
2154168322
858377
1347817231
692224
268473608
2700716303
555273
547045380
814826764
2155833351
2423614735
815498508
2424286479
3496408578
1344237061
2695620873
3769195009
1078962955
1620175365
2700765455
545653000
1888677645
3773067778
1619680009
4037436928
2423608326
2424159503
815371532
2965208333
1346557706
1623544586
2149935105
3773551106
4041332490
2700450063
1347950086
3773270795
2149681153
3773104642
1620933125
3491859969
1889267469
3773657602
2695235849
1347841807
882953
5075210
2695700480
1624902415
2968974606
2150213633
1889181453
2422867210
4042301199
1342277120
3774519815
3774482951
4042264335
1342240256
1077963531
546838797
2964595716
3768683009
1078450955
1888605700
2969195790
3497393671
2964296968
2419088389
547291140
1343270405
815072524
2964942093
2150320129
2418101513
1640453
2153811970
2422744330
3774396935
547082244
814863628
2155870215
2423651599
1343290885
547311620
815093004
2154404107
2419989509
1624515078
2154125579
413696
2700437775
4042682127
2695723273
1078202882
2696853509
2964634893
3773332235
1346537226
2965187853
2696771589
1078120962
1619026432
269753613
1972229
2154143746
4041991946
1320965
2700709894
2149730305
1342203392
4042217226
547205124
2423774479
2969318670
3497516551
3772803851
2695354633
2154127362
815273228
2424061199
3496263435
1887475464
3228482051
1619694080
307200
2700331279
2419719173
1620679173
269026568
1701893
2153873410
1888814596
1624861455
2963440904
2419522565
1624326662
3497192967
2150234113
2968995086
4041402122
269962509
1078858242
2965290253
1346639626
2964714500
2964362244
2155706375
546918404
2423280646
1665029
2153836546
1625264646
1893046030
2154045442
273704206
5922822
545530120
269675789
2154065922
2695294976
1889496845
4041668362
2700601615
1342533385
1074752001
3496367618
2153922562
2419657733
545284360
1074334209
1893095182
1347608335
2418406400
2700775430
2968556814
1623651082
3498024455
3227810307
1619022336
1620077061
1888509709
1620728325
3772899842
268965128
3228256771
2700058890
3496038155
2965372173
1346721546
1078940162
2968933646
2150172673
1342707200
1619421961
2700966159
1619127049
1893685006
2155132935
546344964
3773254411
6262790
274044174
546674957
2418511113
1888900612
1623315210
551276814
2418054144
2964677636
546920717
546765069
274289934
1888548356
2700513286
2696689669
2420112389
5660678
1343225609
1074399745
1342181129
550523150
4038063616
1619776000
3496345355
1887557384
3228563971
2154023179
551035150
1079233031
2424208655
1343618565
815420684
2423505926
1343557125
815359244
2149976065
3773049611
4042616591
1342592512
3774835207
4037918473
2700353542
2695026953
1619370496
2699960586
1078206978
3227666947
2699469066
1619352329
2154289419
1624678918
1623503626
2418699529
3497631239
1623257866
2418453769
5433615
1892706062
1624924678
1619124736
3227912707
2699714826
2155243527
546455556
2154303490
2423137546
4042571535
1342547456
3774790151
1024000
268805384
2701048079
964873
2969466126
1888876036
270259204
1348345615
2964075784
3492273665
551198990
1828869
269610253
1348281862
3496611595
1346496266
1078714882
1889513229
268621064
2700863759
1888530189
1620748805
493833
2418979840
3496142338
4042302982
4037182976
5406726
3773369099
4039032325
1078631179
3496388098
3496543746
3769018881
3496633858
3773557515
1624797702
2154408203
2419993605
2701127686
2968909070
3496244738
2418347273
2150565889
3492032001
1625254671
2695258112
2964386820
274154766
272649
1343311365
547332100
815113484
546697220
2696812549
2964593933
2422629642
3774282247
1624636175
5202186
1005833
2418369536
612617
1347571471
545341704
2154129675
4043159046
3492179457
4037455625
2149607425
1074199041
2422646026
2153777419
2696517637
1889531396
1893562126
1619004169
2695395593
1347974662
1889285636
2013189
269794573
2423321606
4037449216
1619100160
2699690250
3227888131
1347728902
1619802889
2699751690
3227949571
1889492749
1620912645
3773084162
2154795010
2422576394
2700945679
921600
268702984
2701007119
983040
268764424
1620417029
3492687361
4041336586
1889165069
3773555202
1888513805
1620732421
1342363136
4042387215
3774605831
1342301696
4042325775
3774544391
2422891786
1619984896
1887766280
2419682309
1342856969
2154760459
1342795529
1348158982
2964655373
2696873989
4041295626
3773514242
2695579913
546033928
2154821899
551072014
1078987271
3497274887
1888486916
4037648137
2700083206
1623196426
3774302727
546897924
2155685895
1619780096
3496349451
1887561480
2423528719
546959364
2155747335
2964716813
1078284802
2696935429
1887622920
3496410891
1620048649
2696521733
6289679
1343704581
815789324
2695334153
1078592002
2965024013
1346373386
2699710730
3227908611
1619120640
2423532815
546963460
2155751431
814744844
3492785665
5245199
1347913222
2423323919
2155542535
2964133128
3492331009
551256334
1888526093
269092104
1620744709
1887831816
1887950600
550621454
2964321544
3492236801
2964137224
3492052481
1079175687
550977806
2154782722
3774216711
2422564106
3773741835
3227519491
2699604234
1892779790
1624998406
1889015300
3497803271
1344126469
3768773121
4038004489
1620441605
268789000
1007616
2701031695
1624814086
815600908
1343798789
2154450946
2422232330
1348343302
545587464
1073785345
1346414346
2965064973
1078632962
2423979279
1889240580
3498028551
3773047298
3773864455
2422211850
270040333
2154430466
547272973
3227642371
2699727114
1342242569
546263304
1074461185
2422908170
1619479305
1347004170
4042507782
2696366085
2423890950
2154068235
545280264
2963395848
1624816399
2695614464
1620662789
2969109774
4038360581
2419743749
3774708231
3228318211
1619530240
4041803530
1087493
2418494729
1620400645
3492388353
3773637122
3772816139
545677576
2420050949
1624855046
2423260166
4037875200
2150602753
2418384137
2424184079
815396108
1343593989
4042425862
2695467008
1342449152
4042610182
2696894469
1078243842
2964675853
1342299913
1074518529
1889410829
3773800962
4041582346
1619431936
2699182346
274535694
5304326
2154293515
545505544
269566980
815641868
1343839749
3773168395
546576653
2699399434
2419805189
1624609286
1348050703
2423587846
2965044493
1078612482
1346393866
2694938624
4706570
2695972869
2695358729
2155771911
546983940
2423553295
814765324
1078301186
2964692237
2696910853
4037793280
2969048334
3773143819
4993290
2153924875
2695149833
4038041353
2700476422
1893308174
1342328585
2965101837
3497594375
1623221002
2418385920
629001
1347587855
518409
4042790406
2696054789
270201860
1343598085
2424188175
815400204
547313933
3227683331
2418791424
1347993359
2154778626
2422560010
2154703115
545915144
1074113025
4042679814
1624922895
2695720960
3773288962
2154020866
1849349
1347991046
1620466181
2150152193
2968913166
2700597519
1079613959
436489
3773070091
6019343
2423776262
1623319306
1888904708
5658895
2695890949
4624650
293129
815752460
1077973506
2154191115
268784904
1003520
2700615686
2700478735
454656
268743944
962560
1347065610
4042569222
2423952390
1342693129
1342830080
4042854159
3774564871
4042346255
3774523911
4042305295
1619356425
2696243205
2968950030
3497459207
1888671236
4037046025
3769264641
270054404
4043060742
5140746
2695372800
1624574735
1889367556
3773106955
4972810
2695204864
2696837125
2964618509
1074260481
2419579909
2964958477
1078526466
551301390
1079499271
2418078720
1343061769
4042626566
2154696706
2422478090
551117070
1079314951
420105
1079597575
551399694
3774257671
270433549
2422605066
2695331840
2964280584
3492478465
1620093445
551448846
3496226571
3228445187
1619657216
1887438600
550539534
2964260104
3492457985
551383310
2154819586
2422600970
1342531072
2695596297
3774773767
4042555151
4038336005
1348103951
550957326
2418713600
1347915535
550768910
1888364296
2155239431
3496918795
1888130824
2154944519
3492724225
1888796429
1621015045
269362440
2150479873
1888650756
3497438727
2694965513
1888857869
1621076485
4042778118
1625021199
3491798529
655360
268436744
1620089349
1888294664
1888069384
2155014151
546390020
2155177991
2423194890
3774847495
4042628879
899337
4038090245
1347858191
3491786241
2700451846
290816
2154850311
2695739657
4042698511
2033669
269815053
2154205186
1620343301
2701008902
2968790286
2153897986
269507853
1726469
4037877513
1888568836
3497356807
1078448642
2964880653
3496140555
1619571200
2695788809
270204173
2422375690
2422482186
3774134791
2154700802
268625160
3774343687
3497987591
1623614218
2696308741
2965007629
2963461384
1341445
1074375169
1893136142
1888175880
3496963851
3773329922
268854536
1348032006
1620507141
2695497993
3769608705
4037390089
5613839
1889162756
3497950727
2418773257
4042716678
4041930506
1214469
2149623809
1624220426
2968827150
3497025031
2701045766
1624308495
2695106560
4874506
1343909381
3496732162
1619987209
2153795586
1889472269
4041643786
2423876879
4042139402
270038020
1078796802
3492191745
2963993864
1347954182
3497086471
2968888590
2701107206
2700519695
1078059522
2964491533
1079048711
550850830
3491925505
2154455042
2422236426
3773889031
1342959369
1888964365
2154737666
2422519050
270347533
1767429
269548813
2153938946
2424304646
2149746689
1079405063
270164996
2419252229
268600584
2700349446
1888853773
1621072389
269419784
1505285
4042221322
814990604
2423778575
547088653
1347936015
4038168069
2418734080
248073
2418344960
1347546895
1079765511
1623913226
2155358215
2154494219
5859599
1889117700
2965335309
1078350338
2964782349
1623626506
2699452682
274539790
3773307659
274097422
1073826305
545628424
1348101638
269792260
3769002497
2423717135
814929164
2695522569
3774454279
2422801674
2695276809
547047693
2699219210
269651213
2154041346
1619329536
3774687751
1342445056
269939716
4276490
1620564485
268911880
3228035587
1619247616
3497655815
269751300
4037117440
1346885386
3774437895
2695260425
1619042816
274699534
3227544067
1620028169
3496566539
122880
2700146959
2965351693
1346701066
1078919682
2699997450
3495976715
3228195331
1889005325
1112069
4041828106
2701129999
1620171269
737280
268518664
2700761359
4041844490
1343034880
4042534671
3774753287
5431302
268682504
1620826629
269174024
1888608013
270490893
1910789
2154082306
716800
2700740879
268498184
1620150789
4043185935
1343161856
5488646
1889261060
3498049031
3227789827
1619001856
1888458504
3492658689
274625806
2964857860
4041213706
1889042189
3773432322
2965345284
551182606
1079380487
1347444495
1079663111
551465230
1624595215
2695393280
269607940
3773700875
4038749701
3773086475
4042753542
3492109825
2694963200
2154799106
2422580490
270408973
2423231754
269006088
1348425222
2154739979
545952008
5873670
2155599879
2423381263
2150586369
2418367753
1888757252
270140420
626688
1347585542
2968868110
2701086726
3497065991
1347976975
1079028231
550830350
546744589
274269454
4042589702
4041312010
3773530626
1889140493
4041398026
1889226509
3227871747
1619083776
1342809600
4042833679
545526024
1619653120
3496222475
3228441091
2696542213
1623892746
1889019396
2418629897
2423956486
4043015686
3497397767
2969199886
2150438913
1888609796
1623589642
2696239109
4037645824
2695616777
2700943366
2964198664
5368079
4037649920
1347417866
1887459080
3496247051
3228465667
1619677696
4042135306
1419269
4042510095
1342486016
2700273935
3768875521
2418040073
2150258689
774144
268555528
3774626311
1525765
1480709
4042196746
1887708936
1619927552
1464325
860160
2700884239
4041606922
1889435405
1542149
4042258186
1346787082
4037019136
1342807817
5242886
4041377546
1889206029
4042073866
1357829
3772797442
4042409478
5218570
2695450624
551522574
1091589
3496103691
1619534336
1073990145
545792264
2424282383
1316869
4041987850
1342598921
1893578510
2701105423
1624328975
4042814982
2418529280
1079949831
1347731215
2964512013
269976580
1079847431
2963641608
2695860224
2695272713
1348072966
2419166213
946176
268727560
1620380165
3496220162
1619857920
1169413
2423133450
1342543360
2154473739
815441164
270238724
4037367296
1342342656
2423886854
1889347076
2968786190
2701004806
1888978436
2418588937
2423915526
5429519
1342711296
2963694856
4042872326
1079335431
1889263373
3769604609
4037385993
1888065288
3496853259
2695317769
2422842634
1893156622
1074395649
270019853
1889287949
4041459466
3497778695
1893701390
5853190
2154146059
545358088
1624535558
592137
4037694976
273700110
5918726
1620851205
3773022722
270015757
2154405890
1583109
2418044169
2150262785
3773633026
1889242893
2422396170
270224653
2153816066
1888571149
1620789765
3772961282
4041541386
3773760002
1889369869
2154344450
4041783050
274433294
1625268742
1893050126
1079577095
2695532544
2963313928
1348036102
1893689102
1342709513
2700038410
3496017675
3228236291
269978893
546156808
1893115662
1074354689
1078942475
3769174529
2964983053
1078551042
3773762315
4042069770
1620666885
3772838402
268969224
1620621829
1348013839
550867214
1889386253
698633
2700859663
1893332750
1234949
4041950986
270511373
1931269
2154102786
4037902089
6125839
2419416069
1346766602
4041725706
2422457610
270286093
3773293058
1888902925
2423108874
2155476999
3496390411
1887602440
550543630
2964976644
269444360
1621096965
3773268482
1888878349
270261517
1347503622
4948234
1623565066
4043036166
1346619146
269382920
1888816909
1621035525
3773207042
3496875522
2418715913
2154573826
270183693
1348118022
3496650242
1906693
3773346306
3773925895
2154491906
2422273290
270101773
274306318
3496261122
1344089605
546658573
270001156
3769211393
2695641353
1348220422
2695825673
1620568581
1889001229
3773391362
2074629
269856013
2695088393
1347483142
4041234186
3773452802
2422740234
2154307586
269917453
1347667462
546433293
3768769025
2969482510
3497680391
2695207177
1619591680
3228379651
1347786246
1343856133
1624592902
2424265999
268870920
1348048390
4041705226
1889533709
1888734989
3773125122
2695190793
2155317255
274560270
545378568
2154166539
3497618951
2700472326
3769465345
2964157704
4037608960
1347376906
4968714
1623585546
4037369609
3769588225
1343520261
3496343042
1078288898
2964720909
1078864651
3769096705
1619045129
1347299082
4037531136
434176
2700595206
2699362570
3227560451
547191053
2964915204
274683150
2695884800
2963666184
2696914949
2964696333
1078264322
2965246980
2699661578
1079024135
1348177679
551031054
4727050
2694959104
3774192135
2154758146
270368013
2422539530
2696628229
1077977602
2964409613
4042614278
1624857359
1342219776
4042380806
815314188
1343229445
1343880709
3496052226
3227638275
2699071754
546900237
3773799179
1078885131
3769117185
2964741389
3497311751
1888523780
2423870470
2696345605
4037476105
2695931909
5699855
5214474
1889494532
2418965769
1619950345
2964937997
1078505986
1079478791
551280910
2418058240
1074133505
545935624
2154723595
2155010055
1342697225
546574340
1343643141
1078057739
2695764233
2968872206
2150111233
2701090822
1073781249
1624760838
2419027209
3227765251
2699567370
1620445701
2418099200
1079519751
2963604744
3491802625
1625025295
2695823360
190729
2963547400
2695766016
2419481605
2153896203
1624285702
547004420
814785804
1343393285
1342344969
2154387723
1624777222
3496957442
814769420
546988036
1624701711
4043187718
1619249929
633097
1619782409
1889039876
2418650377
2423976966
1624756742
2154367243
1347381002
1624834566
2420030469
2695147520
550936846
1079134727
1079417351
551219470
3492294145
547006733
3496976139
2964325380
274093326
4038966789
1078469122
2153838859
4039073285
4038995461
3773410059
546701316
3496670722
3496916482
550871310
1079069191
1079351815
551153934
1078127371
3496734475
2699665674
2965251076
4037588480
1347356426
1078125058
550691086
4038069765
1347837711
546334989
547318029
2699489546
3496636171
274072846
2695520256
1624722191
2963301640
1132549
1888980749
1620216325
1888048904
3496836875
2694901760
4669706
5283846
1346828042
4037060096
3773725451
1078792706
2965224717
1623343882
1624763151
546457869
1346737930
1078956546
1074436609
1342217993
1893197582
22793
550793486
1347940111
1074670081
1342451465
1078590219
1344175621
3496347138
1625000719
1624926991
2418019593
2150238209
3768855041
2154428683
2420014085
1348321039
3772967691
3496101378
2418164736
1624875526
2420071429
3773025035
4038823429
6168582
273949966
1347855878
897024
815138060
1620470277
3773129218
3773946375
2422293770
2154512386
1079085575
1347792655
1080011271
3772799755
2419846149
1888675332
2418285833
2150504449
1625193231
545751304
1342897929
4043224582
3768666625
2695495680
2963277064
1623724810
1620011785
1623872266
2963424520
1074424321
1342205705
2419215365
3496079115
3228297731
2155849735
2423631119
814843148
547061764
2423424006
3496075019
3228293635
3496728066
4037082889
3769301505
3496881931
1888093960
2700269839
245760
1624681231
2700392719
368640
1888216840
2154973191
3774016007
1343223296
4043247375
2423385359
2155603975
1342854656
4042878735
2155091975
1342916096
4042940175
3497434631
2969236750
2422826250
3774478855
3774417415
2422764810
546058504
1074256385
269880589
3774355975
270531853
2422703370
269524237
1742853
925696
268707080
1620359685
1889345293
679936
268461320
1620113925
3497250311
2969052430
3773428226
268952840
3772776962
1620605445
2153963522
4042383119
3774601735
2422949130
545874184
1074072065
1620482565
268829960
268891400
1620544005
2700410886
3497557511
2149910529
4037758729
2963297544
2695516160
550891790
1348038415
2964051208
2964423684
274191630
545997064
2154785035
1078567426
2424040719
1619628544
3228416515
2694867209
270013444
545382664
2154170635
4039015941
3773430539
4039093765
4037652233
1624492815
4042978822
3228273155
3496054539
1892800270
1625018886
1343475205
815277324
2155194375
546406404
2419039497
1893644046
1619086089
5795846
2155456519
1343143689
2965003533
2424120326
3769629185
4037410569
5634319
4042737158
1889183236
2418793737
2419024896
4038458885
1077961218
2419842053
4042780431
3496320779
3228539395
2699649290
3227847171
3228129795
2699931914
546330893
2964739076
2699153674
1347270410
1348054799
3228375555
2423999759
1078182402
1348448015
4038680069
546783236
1892947726
1625166342
2699055370
2150197249
2696501253
6269199
4038045449
269603844
5511439
2418670857
545788168
2154576139
3773192971
3492642305
2418535689
1888780045
1620998661
3773170178
3496072706
5570566
4037346816
1893418766
1619493376
1078717195
3768949249
2964573453
3496973826
2418627584
2696665093
2964446477
546598916
1343745541
3773635339
269837316
416009
1342612992
2695086080
1624288015
2424157190
4042774022
1620584965
1889017613
3773407746
2969031950
5855503
2423612422
550527246
3773387266
273761550
5980166
2154207499
1624596998
1619270409
4522250
1078587906
2965019917
2695297289
2422822154
2154389506
269999373
1078795019
2699587850
3227785731
1348427535
4038659589
1347393290
3769235969
2418586624
1347788559
1080007175
1619190272
1888421640
2700734470
2699403530
547232013
3227601411
3227884035
2965271556
2699686154
5286159
2423692559
547330317
1619925769
1074272769
1893033742
1625252358
274330894
3496850946
1619862016
3496431371
2968638734
2700857350
2964718596
2699133194
546961677
545812744
1074010625
2700230662
4037795593
4043122182
2968708366
2149947393
547000324
2155788295
814781708
2423569679
547207437
4037140233
3769358849
2695452937
4042411791
3228170755
1889506820
1078618891
3768850945
2154309899
1624699398
1079933447
1347714831
755977
1619659529
2418545664
1343663621
3496486402
2696570885
2964352269
4043286022
2423792646
1889414925
4042237706
1347669775
4042452751
2695493897
1624572422
4460810
2422838538
545689864
1342836489
2419600389
5392655
1888941572
2418552073
546703629
3496673035
4037137920
1346905866
1078034946
1625144079
2964689924
274457870
2423072010
3774724615
2423010570
3495956235
3228174851
4038340101
2419723269
3492617729
5239050
2695471104
1889003012
4722954
2419821573
545448200
1342731776
4042755855
2154907655
3228543491
1887536904
3496324875
1619755520
815748364
1343946245
3496117762
1078393611
3768625665
4041275146
1889103629
3773493762
1347424015
1079642631
1624408582
815334668
2424122639
1892722446
2154551563
1624941062
4037371392
1619614473
1619102473
2418570240
1347772175
1079990791
2419543045
2699546890
274248974
546724109
4037119753
3769338369
4464906
1079421447
2418547977
2969527566
273868046
1893705486
4037633536
5857286
551510286
2418287616
530697
1889166852
2419149829
1343921669
1619684105
3496816395
1888028424
2423940102
3768732161
1344085509
2423301126
273863950
1073867265
2154457355
1623749386
2418945289
1624410895
2695208960
2419457029
4037039616
1346807562
2423849990
2696325125
1624158986
4042888710
3491909121
2963711240
3497885191
1889097220
1342326272
3774155271
2154721282
2422502666
2423409935
546840580
3496809986
2963629320
2695847936
1078944258
1346725642
3772926731
1348280079
2964978957
1078546946
1342279433
1074498049
2154528770
270138637
2422310154
547027213
2699198730
2696136709
3497860615
1623487242
2150381569
3496523266
3768998401
3769039361
3496564226
815543564
1343741445
1347446278
1889490436
2418900233
1892828942
545870088
2154658059
3495978498
1619536649
4038022656
2423235850
2154364930
1619612160
3228400131
2695557120
1624759055
2963338504
2418982153
1623786250
1889449476
1625125382
1079994887
1347776271
1625209615
2963789064
1623827210
1889412612
2419023113
3496304395
3228523011
4037916160
4042282502
5091594
1623708426
2699915530
2700963846
1888921092
2418531593
2696480773
6248719
4038024969
269583364
1348407055
4038639109
2155259911
546471940
753664
1347712518
2700777743
268535048
2154211595
545423624
1347896838
1074788865
1342570249
1619516169
2699645194
546822413
3773252098
2154635266
778240
2700802319
268559624
1347442182
4563210
2963805448
2695270400
1079257607
1078123275
3496609282
815482124
2424270095
516096
2700540175
1619268096
2423680271
814892300
1624199946
3491950081
1625172751
2963752200
5269775
1348441606
2423446799
546877444
5935110
273716494
2418451456
694537
1624637958
270017540
2150463489
3497422343
1888634372
3773295371
2418572553
1888962052
1892951822
2154780939
1625170438
2699059466
2153801995
269905165
3774380551
2422727946
1079601671
2418181120
1346410250
1078628866
1074641409
2153857026
274416910
5656582
2418816000
329993
815035660
547254276
2150508545
2418289929
1343905285
3496076802
815707404
815424780
1078037259
1343622661
2424118543
2154887175
1342574345
1624269318
6105359
4037881609
2964030728
4043208198
1078305282
1619188489
273679630
5898246
4037674496
571657
4042528262
2423911430
2423677958
5921039
2149849089
1624537871
1624283919
4849930
2965347597
1623466762
1078411778
2964843789
528384
1343659525
815461644
815179020
1343376901
1078569739
1344155141
3496977922
2418037760
985353
2419092485
3492371969
2964174088
551014670
2963891464
3492089345
1619630857
4037387776
1893459726
2418770944
780553
1619397385
2696038405
2695254016
269632516
2964761869
1078329858
4043269638
3492290049
3496939275
1078061835
1343647237
1078713099
3496470018
1346397962
1078616578
2418056457
2969036046
2150275073
3768891905
1078084098
2964516109
2695131136
3492277761
4038581765
1348349711
856064
1347814918
3496998402
1347542799
1079761415
1346680586
2965331213
1078899202
1624216330
4042323462
1625271055
26889
1623233290
1619520265
1074747905
1342529289
546369540
2701089039
928009
2700079370
3227994627
2699428106
547256589
815670540
3773459211
1892865806
1889113604
3497901575
1888442120
1624118026
2963670280
2964837380
274605326
184320
2700208399
1888550669
269116680
3772940802
1620769285
2700800006
2968581390
4215050
4292874
269878276
5361670
3773803275
2423174410
1342508809
1074727425
2695028736
270382084
2418609417
1888998916
4037373705
3769592321
546601229
3496570635
2699424010
1347933702
3496308491
1619739136
1887520520
3228527107
1888360200
2700673030
3497741831
2969543950
2423788550
2420075525
269509636
4038745605
2695866633
2153799682
1342832393
5267462
3497930247
1889142276
4219146
2422723850
1074276865
2154291202
269901069
3773190658
2058245
2154229762
269839629
2424058886
5572879
4042675718
2423649286
1888880132
1623294730
2694987776
270341124
2418381824
1625289222
1893070606
274453774
2418308096
2418433289
1623237386
270283780
2423526406
2150279169
2418060553
2696898565
2964679949
2963707144
1625127695
1073764865
545566984
1342713609
2154432779
1073842689
1344007685
2154105099
395529
6041606
2154268939
1624658438
1619331849
3497496071
2969298190
1343078153
5513222
186633
1619532553
4037289472
653577
1347612431
2418410496
569344
3227974147
1619186176
1893398286
5550086
2695375113
1343104512
2695577600
2963358984
1624779535
4043265542
2969146638
2418167049
3772801538
4042954246
2695927813
2418474249
1623278346
2968667406
2153775106
1603589
1889451789
2701109519
268866824
3773403650
268928264
1620580869
2419461125
2153875723
1624265222
3496302082
546332676
2419964933
6142223
4043245062
3492515329
2695368704
1078983435
3769215489
4342026
2964839693
3773496075
4440330
1889469956
1348034319
3227826691
1619038720
4042792719
1342768640
4042612495
3774831111
2150336513
3497295367
2418117897
1888507396
3769100801
2700474639
1078227458
4235530
4313354
269898756
354569
1620236805
268584200
1620298245
547352580
815133964
5720335
2695952389
2965183757
1347294986
4038483461
3772898059
3495990786
1343819269
546672644
3496607499
546638093
4784394
269915140
547229700
815011084
4043161359
1073768961
546498829
1619898880
3496468235
2964897037
1078465026
545886472
1892845326
2154674443
3773291275
3496584706
3769059841
269849604
2150443009
546408717
1348302342
5773583
2423530502
2154866695
2154195211
545407240
1887852296
269296904
1620949509
2700165126
2149664769
2424222726
4037512969
1347233546
4038499845
1619864329
2699157770
546986253
2964743172
546013448
1892972302
2154801419
1625190918
1348304655
2154633483
1625022982
1892804366
2418115584
2419637253
1078352651
3768584705
4043142662
1624435471
2695233536
2696075269
4808970
2964489220
1892718350
1624936966
546392333
4037715456
3496482306
815355148
2424143119
5363983
2968519950
2700738566
2695411977
1620021760
1887803144
4041504522
3773723138
2965253389
6164486
273945870
1624871430
1073891841
545693960
1342977536
4043001615
1342572032
1342447369
1074665985
4041729802
2695110656
1343983109
2155624455
546836484
5607430
1347151626
4037383680
1893455630
1342694912
4042718991
4037309952
1888732676
3497520647
2700374022
3496318466
815297804
1343495685
546349060
1343417861
815219980
2699772170
2424034310
4042651142
2423624710
2423299343
2155517959
1343205129
3774458375
1342215680
2695256329
2422781194
2968810766
2701029382
2695702793
547328004
815109388
4042958342
1887704840
1619923456
545890568
545607944
1073805825
2154471426
2422252810
1343037193
270111748
4037103369
3769321985
3496902411
1888114440
266240
2419747845
1624551942
2700697606
2695371017
2418914304
1348116239
2694904073
2419064073
2964389133
1077957122
2696607749
2155378695
1343202816
4043226895
2418754560
4038188549
1347956495
1625107215
3491884545
1079007751
550809870
2964444164
274212110
551178510
1079376391
1343106825
4043267855
1624615695
5998863
2699325706
1887684360
3496472331
2696157189
5925135
2149853185
2700613903
589824
3496980235
1888192264
2964055304
3492253185
4037412352
1619655433
1892763406
1624982022
4043271951
1619272192
1074014721
2154084619
545296648
1347769862
4039077381
2964819213
2963846408
1625266959
3492154881
2963957000
1347851782
2424284166
4042776335
1342615305
1624433158
2154043659
2418736393
2968544526
2700763142
1889224196
3498012167
2695538953
1888511492
4231434
1347448591
1079667207
2700515599
491520
2700652550
1347024650
4042917382
2695229440
1624431375
5814543
2969294094
3496281602
1344110085
3773213451
1623950090
2423893263
1343413765
1893111566
3773704971
5263366
1079679495
1347460879
546310413
1347606022
1619390976
2699981066
2423342086
2154825735
880640
1347839494
2963375368
4042552838
2695593984
1620318725
269317384
3773141506
2968765710
2696181765
551018766
39177
5365766
1347464975
2418263040
1079683591
551485710
3492560385
1079400967
269755396
5279750
4037056000
1619415552
2700822799
798720
2699895050
551506190
1347485455
1079704071
2418283520
270095364
2419358725
1892927246
546785549
274310414
274642190
84233
2696284165
391433
1348079375
2418877440
4037494272
1078819595
2150590465
2418371849
2694877184
3768912385
3492806145
5265679
4043284239
2155436039
3227937283
1619149312
2700693510
532480
546662669
2418437385
3497614855
2969416974
24576
1887872776
1343684101
3496138242
1343966725
815768844
2696161285
1342895616
4042919695
2155071495
546328580
2155116551
166153
2964956164
274724110
657673
1343536645
1343720965
815523084
2418797833
5638415
2419497989
4037080576
1346848522
1889185549
3773575682
2964653060
1625100806
2694922240
2418938880
1348140815
550994190
1625291535
3492068865
36864
1078835979
2423714822
2424036623
1343127305
2155440135
4043288335
1079151111
3773197067
6205446
273986830
4043042575
2964472836
1619593993
1804293
269585677
2423287055
2155505671
1078862338
1346643722
2695843840
2963625224
3491823105
1625045775
3768973825
5327119
2964952068
4038868485
2964802829
1078370818
1623560970
2418756873
1342611209
1347937798
1624244742
2423590159
2155808775
2963809544
1625230095
3492007425
4628746
2694860800
550932750
1078055426
5427206
1079278087
100617
2700181510
1887868680
20480
1887913736
1887930120
2700105999
81920
1347147530
2965287940
2699624714
547170573
2699342090
3227539971
2150356993
1888527876
2418138377
1344249349
1624736262
2154346763
3773475595
2696218629
1198085
270468100
4804874
3773405963
4038991365
545976584
1074174465
1625168655
3491945985
5939206
273720590
1624738575
2695536640
2963318024
1623765770
1342297600
2422887690
1342934793
1343761925
4037713673
4043040262
6189062
273970446
4038843909
2963887368
2963830024
1625250575
3492027905
4649226
2694881280
2418897920
1348099855
2154553346
2422334730
270163213
3773821442
4041602826
3769440769
2418875657
1889265156
1074764289
1342545673
4763914
1078799115
4038950405
2155280391
546492420
2700122383
98304
1619698176
1887479560
1347028746
2419678213
269833220
1619966729
2423917839
1343327749
1888483080
4042428175
2695469321
1623823114
1889408516
270509060
1623462666
2418183433
1347751695
2418549760
1079970311
2153859339
550773006
3492130305
2963932424
2700201990
40960
1624554255
5120266
2695352320
2418201600
551424270
2964301064
3492498945
3497926151
1889138180
1348429318
2155415559
2418412809
1623216906
2968884494
2701103110
274334990
4038602245
1348370191
4037981696
1078356747
1624093450
270507277
1074162177
1625141766
815605004
3495974402
1625207302
1892988686
274371854
4042937862
5835023
3773194754
4042110730
1347090186
1619476992
2419559429
1624363526
2694961417
551112974
2419231749
1074440705
546242824
1342222089
2964223240
2154637579
545849608
2154948615
1342635785
2423297030
1347813135
1080031751
2419584005
546879757
2965005316
3227617795
1078354434
3496429058
1078303499
815691020
2964954381
268825864
2701068559
1044480
2155255815
546676740
3496646146
4042532358
1624775439
4043124495
1343100416
1078471435
3768703489
1343860229
1348386575
3492314625
1624369935
2695168000
2418017280
551239950
2154123266
269733133
1078655755
2418208009
2965328900
546842893
1888053000
2694940937
3774118407
2423282959
2155501575
1343188745
1346901770
273843470
4038110725
1347878671
1623630602
2696280069
2699833610
3228031491
1342656265
1342793216
4042817295
1893480206
4037408256
4038462981
3772877579
545550600
2419923973
1619884809
2695133449
4037738249
2149890049
5961999
1888401160
2700577039
552960
2696419333
1342877449
4043038479
2696009733
5777679
6252815
4038029065
2155681799
545939720
1074137601
2969539854
147456
1889203716
2699301130
6225926
274007310
546426884
2155214855
1343038976
4043063055
2699890954
3228088835
546990349
3228011011
2699813130
3496959755
1619368713
1346889482
2964450573
2696669189
1078018562
270336
2418668544
5509126
1347053322
4037285376
2154846215
1342670336
4042694415
1888335624
4042233610
3228146179
546617613
1620046336
1887827720
1624896006
2420091909
2694879497
2700206086
1887893256
814933260
1619309056
3492376065
1347127050
3773991431
270167309
1074543105
1887991560
2964673540
3773577995
4038848005
1620009472
1887790856
2700103686
268850440
2701093135
1348052486
1620527621
2965126413
1075205
815162636
5536015
2424280070
270099460
545444104
2154232075
4587786
2699075850
2695618560
2963399944
1889433092
2419043593
1623847690
1889510916
1619024649
2700939270
1619395072
1624510982
4037670400
1623810826
6228239
2696460293
2419190789
1079638535
2423696655
814908684
1620072965
1888943885
4037535232
1619778313
3496900098
2695006473
1079253511
551055630
3497696775
2700413199
389120
1888237320
862473
4037965312
2419256325
163840
550895886
3774749191
1342506496
4042530575
1342369545
2423913743
1344151045
3496322562
1078565643
2963952904
3492150785
2695004160
2423815439
2419596293
1074625025
4041688842
550748430
2963907848
6166799
4037943049
4042876422
4911370
1624345359
4042831366
6170895
2696402949
2965273869
4037021449
3769240065
1348445702
1730565
269511949
1624513295
2700107782
4037672713
2423653382
5896463
2969130254
3496374027
1887586056
2419784709
2695274496
696320
268477704
1893664526
3496730379
1888462600
2700638479
614400
4037799689
2696255493
6023439
1347544582
2424206342
1893193486
3773786891
2700675343
651264
1347610118
3498008071
2968642830
2700861446
1073908225
5282063
4037629440
1347397386
274396430
550502670
4038043136
1348431631
1624943375
2963522824
1623970570
3773233931
3492412929
4043144975
550686990
1343757829
3497758215
1623384842
270384397
2695031049
3492621825
4358410
2419928069
4038544901
2964509700
2694864896
1342750473
3773309442
1888919309
1071109
1619718656
1887500040
1078373131
3768605185
1624677135
4037947145
269505540
3496120075
1619757833
3496879618
2963690760
2696787973
1343782405
3495953922
2419067909
1079515655
2964239624
3492437505
2418140160
551362830
3497332231
2969134350
350473
5677062
1619696393
4037453312
3497152007
2968954126
2150193153
6265103
514313
274195726
1074219521
270494989
3774319111
2422666506
2149603329
5675279
4037451529
2154141963
2419334149
3492781569
4038786565
1348011526
1620486661
3227703811
547334413
1889349389
3773739522
4041520906
3768936961
2153818379
2695862537
2700054794
546699533
2965185540
269521924
2150115329
5996550
273777934
4317450
269902852
3769113089
1342955273
5390342
63753
269673476
3496709899
2699563274
2964364557
2696583173
547236109
2699550986
2695491584
4042450438
4038094341
2153814283
4042913286
4037473792
2155395079
2422359306
3774011911
270114061
1347172106
4038438405
1624343046
4041254666
3773473282
1347505935
1079724551
551526670
2695454720
1079441927
2423358470
1344232965
2153797899
4038721029
3497373191
2969175310
1888585220
3773471499
550625550
2700017930
3228215811
3495997195
1892742926
1624961542
2964513796
2418607104
121097
2418631680
2964935684
274703630
546308100
2155096071
1078549259
3496306178
3496707586
546738180
1343884805
4042655238
2695696384
1624898319
815199500
545300744
3492683265
366857
270056717
1888673549
2155341831
546553860
5324806
4037101056
1893173006
5937423
2423694342
1889101316
2418711817
3769547265
4037328649
2424038406
3773659915
1078860555
1343184649
1348222735
2419020800
2700695823
1619151625
534793
1888298760
2700611590
2964327693
2696546309
432393
3496445442
1344273925
2154862599
269775876
274576654
2699223306
1620007689
3769444865
2969441550
1888851460
5771270
4037547520
815666444
3496035842
3496961538
3496525579
1348347398
3492195841
1624611599
5177610
2695409664
1079618055
1346520842
1624240906
2963793160
2699526410
547354893
4042915599
5409039
3774196231
1074035201
0
1624077066
4038039040
551358734
2418136064
1079556615
2423610639
2155829255
1343186432
4043210511
1619438345
1346963210
4037144329
3769362945
2700736783
1887627016
3497369095
2969171214
2699448586
269960196
3774441991
1342199296
4042360326
1620322821
1888755469
1620974085
3773145602
269487373
1705989
546826509
3227953667
1619165696
1623712522
1619973
2968683790
2423284742
2965081357
2418365440
1079785991
2419338245
270074884
477449
2696566789
2964348173
4043281926
3228051971
4042176266
2154328066
2422863114
3496224258
1078467339
2700982543
545624328
1342770953
2965021700
1347749382
1579013
2963928328
3492126209
1348198159
2695211273
3497684487
2700537862
2700454159
430080
1344192005
269812740
4039089669
1078291211
269919236
4256010
545673480
1342957056
4042981135
269730820
1078635275
269292808
2700085519
61440
270118157
2964448260
1074690561
1342471945
2695559433
1078287115
815174924
2695768329
475136
2700499215
1624281606
2419436549
1079884295
2964841476
547084557
2964591620
274359566
1078735362
2965017604
3773389579
4039052805
3497635335
2700351759
327680
3228133891
1347540486
3772924418
1348277766
364544
3497000715
1888212744
2964759556
547002637
4042657551
1342633472
2695698697
1623524106
546934788
2155722759
2149644289
270179597
546578436
1343254021
1624052490
4037537545
5761295
2696751109
1078100482
2699788554
546965773
4042941958
2965181444
4042446342
1889076740
3497864711
5595142
268553
3492707841
2423344399
2155563015
5900559
2423676175
547106820
2150361089
2418142473
1344253445
270177284
3773209355
4821258
270406660
1623360266
2695915525
2700124166
1348175366
1619901193
2699116810
2700204303
43273
5679375
2695911429
274687246
2419037184
1619168009
1619292672
2968618254
2700836870
1624367622
1619041033
4037944832
1346983690
1619458825
1888837389
1621056005
3497418247
2700271622
1619028745
1078981122
1346762506
547233796
815015180
270115844
546347277
3768621569
1624271631
2149582849
2424140806
6287366
274068750
550666510
815260940
270136324
1888753156
547188740
2423550982
546429197
616713
269481224
3773305346
948489
3773348619
5636102
1343201033
269921549
2418795520
309513
2694863113
4041578250
3773796866
270470413
2422641930
3773393675
4038524421
550600974
1619964416
1887745800
546863373
2699034890
1342367232
2695432457
2968540430
2700759046
1888446216
3773532939
1077979915
3496465922
2964284680
393216
269112584
2969273614
4037899776
4043308815
3496834562
3774241287
2700267526
1887954696
3768748545
2418941193
2424267782
4037551616
1347319562
2154305803
4038585861
1348367878
269190408
2700120070
1620025856
1887807240
815256844
2701011215
1620421125
2418873344
1348075279
270097677
546635780
3496605186
2070533
269851917
3496386315
1620024073
3773211138
2700599302
2149619713
4042794502
4037772800
1624773126
1889079053
4041250570
3773469186
1893029646
1625248262
6017030
273798414
1078673922
1346455306
2965105933
550564110
274208014
1342834176
5341190
3773782795
1619065609
5775366
1624392198
2054149
269835533
1078489602
1079462407
2418041856
2963584264
2695802880
3491782145
2963866888
3773131531
2696407045
4038487557
3772902155
2419948549
5832710
2699387146
2969400590
4038026752
4037058313
3769276929
1623974666
1889509133
4042892806
3773676299
4038503941
4825354
270410756
3773553419
3773172491
2154555659
3228047875
4037984009
2150135809
1887966984
3496754955
3768977921
2423383046
5198090
2695430144
3492216321
269648900
2423262479
2155481095
1078205195
3496691202
4042692102
546580749
4037312265
3769530881
2695457033
2700558342
1348443919
1623671562
2419104773
4043118086
273827086
4037291785
3769510401
2150545409
2418326793
1624394511
2695192576
1348404742
6250502
274031886
3773827591
270003469
3228109315
2695639040
2423831823
1342424576
4042448655
4037967625
269526020
4037533449
2424243206
2418916617
3492744705
4041238282
3773456898
2423092490
2155354119
546474253
269067528
