52224
0
65032
261135
14352
259607
198691
246819
210471
63015
259627
209964
208947
258612
246327
200247
199740
245820
64575
258111
261186
258629
52806
582
258126
64590
14934
260694
259674
260189
62561
259686
246894
198766
65145
209022
62090
212109
63634
260757
247965
197789
13989
259749
260777
259246
258225
3765
261814
49845
261309
61629
212160
249540
197316
261831
61644
261324
196815
197840
248016
249039
211668
64212
260824
211167
13539
260836
49395
3315
62203
258300
197376
249600
261891
62211
261384
249099
196875
212751
211728
260375
211227
63771
198431
248607
260395
14124
258867
61748
49980
3900
212802
61765
248658
198482
260442
64349
259937
260454
259434
13674
62322
262002
261497
3450
49530
258942
65409
258945
393
52617
258442
262029
261010
259477
14745
260505
247713
199585
259497
63406
209841
64950
262080
64967
975
53199
259544
15327
210915
259556
62952
210408
246264
247788
199660
259056
65520
200691
246771
200184
258555
209916
